<!DOCTYPE html>  <html xmlns="http://www.w3.org/1999/xhtml">
<head>    <title>FHIR annotation and WADO image</title>  </head>
<body style="width:5130px;">
<div style="width:2560px;float:left; "> <svg width="2560" height="3328" >
<image x="0" y="0" width="2560" height="3328" xlink:href="WADOURL_1&contentType=image/jpg" />
 <circle cx="1094" cy="1389" r="18"  fill="red" />
<polygon points="1109,1331,1109,1337,1114,1337,1114,1349,1120,1349,1120,1371,1126,1371,1126,1377,1131,1377,1131,1389,1137,1389,1137,1411,1131,1411,1131,1417,1126,1417,1126,1423,1114,1423,1114,1429,1097,1429,1097,1434,1091,1434,1091,1440,1074,1440,1074,1434,1069,1434,1069,1429,1063,1429,1063,1423,1057,1423,1057,1417,1051,1417,1051,1406,1057,1406,1057,1389,1063,1389,1063,1383,1057,1383,1057,1371,1063,1371,1063,1349,1069,1349,1069,1343,1074,1343,1074,1337,1086,1337,1086,1331"
 style="fill:none;stroke:red;stroke-width:9" />
</svg>  </div>
<div style="width:2560px;float:right; "> <svg width="2560" height="3328" >
<image x="0" y="0" width="2560" height="3328" xlink:href="WADOURL_1&contentType=image/jpg" transform="translate(2560, 0) scale(-1,1)"  />
<circle cx="2026" cy="1900" r="18"  fill="red"  transform="translate(2560, 0) scale(-1,1)" />
<polygon transform="translate(2560, 0) scale(-1,1)" points="2029,1789,2029,1794,2011,1794,2011,1800,2006,1800,2006,1806,1994,1806,1994,1811,1989,1811,1989,1817,1971,1817,1971,1823,1954,1823,1954,1829,1949,1829,1949,1846,1943,1846,1943,1863,1937,1863,1937,1874,1931,1874,1931,1891,1937,1891,1937,1897,1943,1897,1943,1903,1949,1903,1949,1909,1954,1909,1954,1914,1960,1914,1960,1937,1954,1937,1954,1949,1949,1949,1949,1983,1954,1983,1954,2000,1960,2000,1960,2006,1966,2006,1966,2011,1977,2011,1977,2017,1989,2017,1989,2023,1994,2023,1994,2029,2000,2029,2000,2034,2011,2034,2011,2029,2017,2029,2017,2023,2023,2023,2023,2017,2029,2017,2029,2006,2034,2006,2034,1994,2040,1994,2040,1977,2046,1977,2046,1966,2051,1966,2051,1960,2057,1960,2057,1954,2063,1954,2063,1949,2074,1949,2074,1943,2097,1943,2097,1937,2109,1937,2109,1931,2114,1931,2114,1926,2120,1926,2120,1920,2126,1920,2126,1863,2120,1863,2120,1857,2114,1857,2114,1840,2109,1840,2109,1829,2103,1829,2103,1817,2097,1817,2097,1811,2091,1811,2091,1806,2074,1806,2074,1800,2063,1800,2063,1794,2057,1794,2057,1789"
 style="fill:none;stroke:red;stroke-width:9" />
</svg> </div></body> </html>
